{
 "cells": [
  {
   "cell_type": "code",
   "execution_count": 1,
   "id": "09c6b098",
   "metadata": {},
   "outputs": [
    {
     "data": {
      "text/html": [
       "<style>\n",
       "    table {float:left}\n",
       "</style>\n"
      ],
      "text/plain": [
       "<IPython.core.display.HTML object>"
      ]
     },
     "metadata": {},
     "output_type": "display_data"
    }
   ],
   "source": [
    "%%html\n",
    "<style>\n",
    "    table {float:left}\n",
    "</style>"
   ]
  },
  {
   "cell_type": "markdown",
   "id": "32a33306",
   "metadata": {},
   "source": [
    "First step: read the analysis of the model errors into a data frame.\n",
    "\n",
    "The legend of the column headers is as follows.\n",
    "\n",
    "Mnemonic|Description\n",
    ":-----|:-----\n",
    "ec|Error class {1: \"in beam\", 2: \"not in beam\", 3: \"no correct solutions\"}\n",
    "lex|Lexeme\n",
    "ls|Lexical set\n",
    "sp|Part of speech\n",
    "pfm|Preformative\n",
    "vbs|Verbal stem\n",
    "vbe|Verbal ending\n",
    "nme|Nominal ending\n",
    "prs|Pronominal suffix\n",
    "vt|Verbal tense\n",
    "ps|Person\n",
    "nu|Number\n",
    "gn|Gender\n",
    "st|State\n",
    "form|Input form"
   ]
  },
  {
   "cell_type": "code",
   "execution_count": 2,
   "id": "1ce6c56f",
   "metadata": {},
   "outputs": [],
   "source": [
    "from pandas import factorize, read_csv\n",
    "\n",
    "df = read_csv('model_errors.csv')"
   ]
  },
  {
   "cell_type": "code",
   "execution_count": 3,
   "id": "06b6a50c",
   "metadata": {
    "scrolled": true
   },
   "outputs": [
    {
     "data": {
      "text/html": [
       "<div>\n",
       "<style scoped>\n",
       "    .dataframe tbody tr th:only-of-type {\n",
       "        vertical-align: middle;\n",
       "    }\n",
       "\n",
       "    .dataframe tbody tr th {\n",
       "        vertical-align: top;\n",
       "    }\n",
       "\n",
       "    .dataframe thead th {\n",
       "        text-align: right;\n",
       "    }\n",
       "</style>\n",
       "<table border=\"1\" class=\"dataframe\">\n",
       "  <thead>\n",
       "    <tr style=\"text-align: right;\">\n",
       "      <th></th>\n",
       "      <th>ec</th>\n",
       "      <th>lex</th>\n",
       "      <th>ls</th>\n",
       "      <th>sp</th>\n",
       "      <th>pfm</th>\n",
       "      <th>vbs</th>\n",
       "      <th>vbe</th>\n",
       "      <th>nme</th>\n",
       "      <th>prs</th>\n",
       "      <th>vt</th>\n",
       "      <th>ps</th>\n",
       "      <th>nu</th>\n",
       "      <th>gn</th>\n",
       "      <th>st</th>\n",
       "      <th>form</th>\n",
       "    </tr>\n",
       "  </thead>\n",
       "  <tbody>\n",
       "    <tr>\n",
       "      <th>0</th>\n",
       "      <td>1</td>\n",
       "      <td>R&lt;H[</td>\n",
       "      <td>0</td>\n",
       "      <td>1</td>\n",
       "      <td>1</td>\n",
       "      <td>0</td>\n",
       "      <td>1</td>\n",
       "      <td>6</td>\n",
       "      <td>0</td>\n",
       "      <td>4</td>\n",
       "      <td>0</td>\n",
       "      <td>0</td>\n",
       "      <td>0</td>\n",
       "      <td>0</td>\n",
       "      <td>!!R&lt;(H[/WT</td>\n",
       "    </tr>\n",
       "    <tr>\n",
       "      <th>1</th>\n",
       "      <td>1</td>\n",
       "      <td>ZMM/</td>\n",
       "      <td>0</td>\n",
       "      <td>2</td>\n",
       "      <td>-1</td>\n",
       "      <td>-1</td>\n",
       "      <td>-1</td>\n",
       "      <td>1</td>\n",
       "      <td>6</td>\n",
       "      <td>-1</td>\n",
       "      <td>-1</td>\n",
       "      <td>1</td>\n",
       "      <td>2</td>\n",
       "      <td>2</td>\n",
       "      <td>ZMM/+W</td>\n",
       "    </tr>\n",
       "    <tr>\n",
       "      <th>2</th>\n",
       "      <td>1</td>\n",
       "      <td>&gt;LJHW=/</td>\n",
       "      <td>0</td>\n",
       "      <td>3</td>\n",
       "      <td>-1</td>\n",
       "      <td>-1</td>\n",
       "      <td>-1</td>\n",
       "      <td>1</td>\n",
       "      <td>-1</td>\n",
       "      <td>-1</td>\n",
       "      <td>-1</td>\n",
       "      <td>1</td>\n",
       "      <td>2</td>\n",
       "      <td>0</td>\n",
       "      <td>&gt;LJHW=/</td>\n",
       "    </tr>\n",
       "    <tr>\n",
       "      <th>3</th>\n",
       "      <td>3</td>\n",
       "      <td>KWL[</td>\n",
       "      <td>0</td>\n",
       "      <td>1</td>\n",
       "      <td>0</td>\n",
       "      <td>1</td>\n",
       "      <td>3</td>\n",
       "      <td>0</td>\n",
       "      <td>13</td>\n",
       "      <td>2</td>\n",
       "      <td>2</td>\n",
       "      <td>1</td>\n",
       "      <td>2</td>\n",
       "      <td>-1</td>\n",
       "      <td>K(WL&amp;K&amp;L[T:d+M</td>\n",
       "    </tr>\n",
       "    <tr>\n",
       "      <th>4</th>\n",
       "      <td>1</td>\n",
       "      <td>MS&lt;/</td>\n",
       "      <td>0</td>\n",
       "      <td>2</td>\n",
       "      <td>-1</td>\n",
       "      <td>-1</td>\n",
       "      <td>-1</td>\n",
       "      <td>5</td>\n",
       "      <td>12</td>\n",
       "      <td>-1</td>\n",
       "      <td>-1</td>\n",
       "      <td>3</td>\n",
       "      <td>2</td>\n",
       "      <td>2</td>\n",
       "      <td>MS&lt;/J+HM</td>\n",
       "    </tr>\n",
       "    <tr>\n",
       "      <th>...</th>\n",
       "      <td>...</td>\n",
       "      <td>...</td>\n",
       "      <td>...</td>\n",
       "      <td>...</td>\n",
       "      <td>...</td>\n",
       "      <td>...</td>\n",
       "      <td>...</td>\n",
       "      <td>...</td>\n",
       "      <td>...</td>\n",
       "      <td>...</td>\n",
       "      <td>...</td>\n",
       "      <td>...</td>\n",
       "      <td>...</td>\n",
       "      <td>...</td>\n",
       "      <td>...</td>\n",
       "    </tr>\n",
       "    <tr>\n",
       "      <th>22238</th>\n",
       "      <td>2</td>\n",
       "      <td>BLQ[</td>\n",
       "      <td>0</td>\n",
       "      <td>1</td>\n",
       "      <td>7</td>\n",
       "      <td>4</td>\n",
       "      <td>1</td>\n",
       "      <td>2</td>\n",
       "      <td>0</td>\n",
       "      <td>62</td>\n",
       "      <td>0</td>\n",
       "      <td>1</td>\n",
       "      <td>1</td>\n",
       "      <td>2</td>\n",
       "      <td>!M!BLQ[/H:du</td>\n",
       "    </tr>\n",
       "    <tr>\n",
       "      <th>22239</th>\n",
       "      <td>1</td>\n",
       "      <td>LQX[</td>\n",
       "      <td>0</td>\n",
       "      <td>1</td>\n",
       "      <td>2</td>\n",
       "      <td>0</td>\n",
       "      <td>1</td>\n",
       "      <td>0</td>\n",
       "      <td>8</td>\n",
       "      <td>1</td>\n",
       "      <td>3</td>\n",
       "      <td>1</td>\n",
       "      <td>2</td>\n",
       "      <td>-1</td>\n",
       "      <td>!J!(LQX[+H</td>\n",
       "    </tr>\n",
       "    <tr>\n",
       "      <th>22240</th>\n",
       "      <td>2</td>\n",
       "      <td>DBR===/</td>\n",
       "      <td>0</td>\n",
       "      <td>2</td>\n",
       "      <td>-1</td>\n",
       "      <td>-1</td>\n",
       "      <td>-1</td>\n",
       "      <td>5</td>\n",
       "      <td>4</td>\n",
       "      <td>-1</td>\n",
       "      <td>-1</td>\n",
       "      <td>3</td>\n",
       "      <td>2</td>\n",
       "      <td>2</td>\n",
       "      <td>DBR===/J+K</td>\n",
       "    </tr>\n",
       "    <tr>\n",
       "      <th>22241</th>\n",
       "      <td>2</td>\n",
       "      <td>DBR[</td>\n",
       "      <td>-1</td>\n",
       "      <td>1</td>\n",
       "      <td>0</td>\n",
       "      <td>0</td>\n",
       "      <td>1</td>\n",
       "      <td>5</td>\n",
       "      <td>0</td>\n",
       "      <td>6</td>\n",
       "      <td>0</td>\n",
       "      <td>3</td>\n",
       "      <td>2</td>\n",
       "      <td>1</td>\n",
       "      <td>DBR[/J</td>\n",
       "    </tr>\n",
       "    <tr>\n",
       "      <th>22242</th>\n",
       "      <td>1</td>\n",
       "      <td>&gt;T</td>\n",
       "      <td>0</td>\n",
       "      <td>5</td>\n",
       "      <td>-1</td>\n",
       "      <td>-1</td>\n",
       "      <td>-1</td>\n",
       "      <td>-1</td>\n",
       "      <td>4</td>\n",
       "      <td>-1</td>\n",
       "      <td>-1</td>\n",
       "      <td>-1</td>\n",
       "      <td>-1</td>\n",
       "      <td>-1</td>\n",
       "      <td>&gt;&amp;WT+K</td>\n",
       "    </tr>\n",
       "  </tbody>\n",
       "</table>\n",
       "<p>22243 rows × 15 columns</p>\n",
       "</div>"
      ],
      "text/plain": [
       "       ec      lex  ls  sp  pfm  vbs  vbe  nme  prs  vt  ps  nu  gn  st  \\\n",
       "0       1     R<H[   0   1    1    0    1    6    0   4   0   0   0   0   \n",
       "1       1     ZMM/   0   2   -1   -1   -1    1    6  -1  -1   1   2   2   \n",
       "2       1  >LJHW=/   0   3   -1   -1   -1    1   -1  -1  -1   1   2   0   \n",
       "3       3     KWL[   0   1    0    1    3    0   13   2   2   1   2  -1   \n",
       "4       1     MS</   0   2   -1   -1   -1    5   12  -1  -1   3   2   2   \n",
       "...    ..      ...  ..  ..  ...  ...  ...  ...  ...  ..  ..  ..  ..  ..   \n",
       "22238   2     BLQ[   0   1    7    4    1    2    0  62   0   1   1   2   \n",
       "22239   1     LQX[   0   1    2    0    1    0    8   1   3   1   2  -1   \n",
       "22240   2  DBR===/   0   2   -1   -1   -1    5    4  -1  -1   3   2   2   \n",
       "22241   2     DBR[  -1   1    0    0    1    5    0   6   0   3   2   1   \n",
       "22242   1       >T   0   5   -1   -1   -1   -1    4  -1  -1  -1  -1  -1   \n",
       "\n",
       "                 form  \n",
       "0          !!R<(H[/WT  \n",
       "1              ZMM/+W  \n",
       "2             >LJHW=/  \n",
       "3      K(WL&K&L[T:d+M  \n",
       "4            MS</J+HM  \n",
       "...               ...  \n",
       "22238    !M!BLQ[/H:du  \n",
       "22239      !J!(LQX[+H  \n",
       "22240      DBR===/J+K  \n",
       "22241          DBR[/J  \n",
       "22242          >&WT+K  \n",
       "\n",
       "[22243 rows x 15 columns]"
      ]
     },
     "execution_count": 3,
     "metadata": {},
     "output_type": "execute_result"
    }
   ],
   "source": [
    "df"
   ]
  },
  {
   "cell_type": "code",
   "execution_count": 4,
   "id": "0df0a895",
   "metadata": {},
   "outputs": [
    {
     "data": {
      "text/plain": [
       "1    10899\n",
       "2    10255\n",
       "3     1089\n",
       "Name: ec, dtype: int64"
      ]
     },
     "execution_count": 4,
     "metadata": {},
     "output_type": "execute_result"
    }
   ],
   "source": [
    "# What are the sizes of the error classes?\n",
    "df['ec'].value_counts()"
   ]
  },
  {
   "cell_type": "markdown",
   "id": "09e9f9cd",
   "metadata": {},
   "source": [
    "Our goal is to discover whether there is any relation between the error classes and the input forms. The numbers in the analysis of the input forms are not quantities, but codes. So we are dealing with categorical data. Let us therefore factorize the data, but keep the original ordering of the values, because there is some logic to it."
   ]
  },
  {
   "cell_type": "code",
   "execution_count": 5,
   "id": "38d4e0f2",
   "metadata": {},
   "outputs": [],
   "source": [
    "# Create the correlation matrix (cm)\n",
    "cm = df.apply(lambda x : factorize(x, sort=True)[0]).corr()"
   ]
  },
  {
   "cell_type": "code",
   "execution_count": 6,
   "id": "fffdd314",
   "metadata": {},
   "outputs": [
    {
     "data": {
      "text/html": [
       "<div>\n",
       "<style scoped>\n",
       "    .dataframe tbody tr th:only-of-type {\n",
       "        vertical-align: middle;\n",
       "    }\n",
       "\n",
       "    .dataframe tbody tr th {\n",
       "        vertical-align: top;\n",
       "    }\n",
       "\n",
       "    .dataframe thead th {\n",
       "        text-align: right;\n",
       "    }\n",
       "</style>\n",
       "<table border=\"1\" class=\"dataframe\">\n",
       "  <thead>\n",
       "    <tr style=\"text-align: right;\">\n",
       "      <th></th>\n",
       "      <th>ec</th>\n",
       "      <th>lex</th>\n",
       "      <th>ls</th>\n",
       "      <th>sp</th>\n",
       "      <th>pfm</th>\n",
       "      <th>vbs</th>\n",
       "      <th>vbe</th>\n",
       "      <th>nme</th>\n",
       "      <th>prs</th>\n",
       "      <th>vt</th>\n",
       "      <th>ps</th>\n",
       "      <th>nu</th>\n",
       "      <th>gn</th>\n",
       "      <th>st</th>\n",
       "      <th>form</th>\n",
       "    </tr>\n",
       "  </thead>\n",
       "  <tbody>\n",
       "    <tr>\n",
       "      <th>ec</th>\n",
       "      <td>1.000000</td>\n",
       "      <td>0.018982</td>\n",
       "      <td>0.001724</td>\n",
       "      <td>0.028676</td>\n",
       "      <td>0.011926</td>\n",
       "      <td>0.062948</td>\n",
       "      <td>-0.005075</td>\n",
       "      <td>0.059388</td>\n",
       "      <td>0.011801</td>\n",
       "      <td>0.036430</td>\n",
       "      <td>-0.041921</td>\n",
       "      <td>0.010359</td>\n",
       "      <td>-0.047717</td>\n",
       "      <td>0.022935</td>\n",
       "      <td>0.004403</td>\n",
       "    </tr>\n",
       "    <tr>\n",
       "      <th>lex</th>\n",
       "      <td>0.018982</td>\n",
       "      <td>1.000000</td>\n",
       "      <td>0.062335</td>\n",
       "      <td>-0.021713</td>\n",
       "      <td>0.012756</td>\n",
       "      <td>0.030054</td>\n",
       "      <td>0.009608</td>\n",
       "      <td>-0.009279</td>\n",
       "      <td>-0.023887</td>\n",
       "      <td>0.009015</td>\n",
       "      <td>0.029922</td>\n",
       "      <td>0.018031</td>\n",
       "      <td>0.027051</td>\n",
       "      <td>-0.018093</td>\n",
       "      <td>0.395463</td>\n",
       "    </tr>\n",
       "    <tr>\n",
       "      <th>ls</th>\n",
       "      <td>0.001724</td>\n",
       "      <td>0.062335</td>\n",
       "      <td>1.000000</td>\n",
       "      <td>-0.173208</td>\n",
       "      <td>0.092505</td>\n",
       "      <td>0.104931</td>\n",
       "      <td>0.071526</td>\n",
       "      <td>-0.066146</td>\n",
       "      <td>-0.023035</td>\n",
       "      <td>0.099490</td>\n",
       "      <td>0.116522</td>\n",
       "      <td>-0.017551</td>\n",
       "      <td>-0.037861</td>\n",
       "      <td>-0.088154</td>\n",
       "      <td>-0.029865</td>\n",
       "    </tr>\n",
       "    <tr>\n",
       "      <th>sp</th>\n",
       "      <td>0.028676</td>\n",
       "      <td>-0.021713</td>\n",
       "      <td>-0.173208</td>\n",
       "      <td>1.000000</td>\n",
       "      <td>-0.296331</td>\n",
       "      <td>-0.318431</td>\n",
       "      <td>-0.238741</td>\n",
       "      <td>0.158720</td>\n",
       "      <td>-0.090798</td>\n",
       "      <td>-0.321818</td>\n",
       "      <td>-0.373064</td>\n",
       "      <td>0.016536</td>\n",
       "      <td>0.056211</td>\n",
       "      <td>0.206867</td>\n",
       "      <td>0.206633</td>\n",
       "    </tr>\n",
       "    <tr>\n",
       "      <th>pfm</th>\n",
       "      <td>0.011926</td>\n",
       "      <td>0.012756</td>\n",
       "      <td>0.092505</td>\n",
       "      <td>-0.296331</td>\n",
       "      <td>1.000000</td>\n",
       "      <td>0.554387</td>\n",
       "      <td>0.332915</td>\n",
       "      <td>-0.287681</td>\n",
       "      <td>-0.013230</td>\n",
       "      <td>0.378911</td>\n",
       "      <td>0.524977</td>\n",
       "      <td>-0.018999</td>\n",
       "      <td>-0.094689</td>\n",
       "      <td>-0.359174</td>\n",
       "      <td>-0.541687</td>\n",
       "    </tr>\n",
       "    <tr>\n",
       "      <th>vbs</th>\n",
       "      <td>0.062948</td>\n",
       "      <td>0.030054</td>\n",
       "      <td>0.104931</td>\n",
       "      <td>-0.318431</td>\n",
       "      <td>0.554387</td>\n",
       "      <td>1.000000</td>\n",
       "      <td>0.355796</td>\n",
       "      <td>-0.317255</td>\n",
       "      <td>-0.039969</td>\n",
       "      <td>0.462039</td>\n",
       "      <td>0.591973</td>\n",
       "      <td>-0.028301</td>\n",
       "      <td>-0.057784</td>\n",
       "      <td>-0.380760</td>\n",
       "      <td>-0.277775</td>\n",
       "    </tr>\n",
       "    <tr>\n",
       "      <th>vbe</th>\n",
       "      <td>-0.005075</td>\n",
       "      <td>0.009608</td>\n",
       "      <td>0.071526</td>\n",
       "      <td>-0.238741</td>\n",
       "      <td>0.332915</td>\n",
       "      <td>0.355796</td>\n",
       "      <td>1.000000</td>\n",
       "      <td>-0.343667</td>\n",
       "      <td>-0.057712</td>\n",
       "      <td>0.166522</td>\n",
       "      <td>0.544935</td>\n",
       "      <td>0.290918</td>\n",
       "      <td>-0.151842</td>\n",
       "      <td>-0.468163</td>\n",
       "      <td>-0.243076</td>\n",
       "    </tr>\n",
       "    <tr>\n",
       "      <th>nme</th>\n",
       "      <td>0.059388</td>\n",
       "      <td>-0.009279</td>\n",
       "      <td>-0.066146</td>\n",
       "      <td>0.158720</td>\n",
       "      <td>-0.287681</td>\n",
       "      <td>-0.317255</td>\n",
       "      <td>-0.343667</td>\n",
       "      <td>1.000000</td>\n",
       "      <td>0.109041</td>\n",
       "      <td>-0.065739</td>\n",
       "      <td>-0.540582</td>\n",
       "      <td>0.454711</td>\n",
       "      <td>0.024891</td>\n",
       "      <td>0.581602</td>\n",
       "      <td>0.224179</td>\n",
       "    </tr>\n",
       "    <tr>\n",
       "      <th>prs</th>\n",
       "      <td>0.011801</td>\n",
       "      <td>-0.023887</td>\n",
       "      <td>-0.023035</td>\n",
       "      <td>-0.090798</td>\n",
       "      <td>-0.013230</td>\n",
       "      <td>-0.039969</td>\n",
       "      <td>-0.057712</td>\n",
       "      <td>0.109041</td>\n",
       "      <td>1.000000</td>\n",
       "      <td>-0.043472</td>\n",
       "      <td>0.013718</td>\n",
       "      <td>0.025768</td>\n",
       "      <td>0.002858</td>\n",
       "      <td>0.196354</td>\n",
       "      <td>-0.034695</td>\n",
       "    </tr>\n",
       "    <tr>\n",
       "      <th>vt</th>\n",
       "      <td>0.036430</td>\n",
       "      <td>0.009015</td>\n",
       "      <td>0.099490</td>\n",
       "      <td>-0.321818</td>\n",
       "      <td>0.378911</td>\n",
       "      <td>0.462039</td>\n",
       "      <td>0.166522</td>\n",
       "      <td>-0.065739</td>\n",
       "      <td>-0.043472</td>\n",
       "      <td>1.000000</td>\n",
       "      <td>0.233481</td>\n",
       "      <td>-0.090934</td>\n",
       "      <td>-0.070836</td>\n",
       "      <td>0.019242</td>\n",
       "      <td>-0.246181</td>\n",
       "    </tr>\n",
       "    <tr>\n",
       "      <th>ps</th>\n",
       "      <td>-0.041921</td>\n",
       "      <td>0.029922</td>\n",
       "      <td>0.116522</td>\n",
       "      <td>-0.373064</td>\n",
       "      <td>0.524977</td>\n",
       "      <td>0.591973</td>\n",
       "      <td>0.544935</td>\n",
       "      <td>-0.540582</td>\n",
       "      <td>0.013718</td>\n",
       "      <td>0.233481</td>\n",
       "      <td>1.000000</td>\n",
       "      <td>0.055319</td>\n",
       "      <td>0.050702</td>\n",
       "      <td>-0.733981</td>\n",
       "      <td>-0.334948</td>\n",
       "    </tr>\n",
       "    <tr>\n",
       "      <th>nu</th>\n",
       "      <td>0.010359</td>\n",
       "      <td>0.018031</td>\n",
       "      <td>-0.017551</td>\n",
       "      <td>0.016536</td>\n",
       "      <td>-0.018999</td>\n",
       "      <td>-0.028301</td>\n",
       "      <td>0.290918</td>\n",
       "      <td>0.454711</td>\n",
       "      <td>0.025768</td>\n",
       "      <td>-0.090934</td>\n",
       "      <td>0.055319</td>\n",
       "      <td>1.000000</td>\n",
       "      <td>0.228798</td>\n",
       "      <td>0.076740</td>\n",
       "      <td>0.153391</td>\n",
       "    </tr>\n",
       "    <tr>\n",
       "      <th>gn</th>\n",
       "      <td>-0.047717</td>\n",
       "      <td>0.027051</td>\n",
       "      <td>-0.037861</td>\n",
       "      <td>0.056211</td>\n",
       "      <td>-0.094689</td>\n",
       "      <td>-0.057784</td>\n",
       "      <td>-0.151842</td>\n",
       "      <td>0.024891</td>\n",
       "      <td>0.002858</td>\n",
       "      <td>-0.070836</td>\n",
       "      <td>0.050702</td>\n",
       "      <td>0.228798</td>\n",
       "      <td>1.000000</td>\n",
       "      <td>0.072170</td>\n",
       "      <td>0.137710</td>\n",
       "    </tr>\n",
       "    <tr>\n",
       "      <th>st</th>\n",
       "      <td>0.022935</td>\n",
       "      <td>-0.018093</td>\n",
       "      <td>-0.088154</td>\n",
       "      <td>0.206867</td>\n",
       "      <td>-0.359174</td>\n",
       "      <td>-0.380760</td>\n",
       "      <td>-0.468163</td>\n",
       "      <td>0.581602</td>\n",
       "      <td>0.196354</td>\n",
       "      <td>0.019242</td>\n",
       "      <td>-0.733981</td>\n",
       "      <td>0.076740</td>\n",
       "      <td>0.072170</td>\n",
       "      <td>1.000000</td>\n",
       "      <td>0.238779</td>\n",
       "    </tr>\n",
       "    <tr>\n",
       "      <th>form</th>\n",
       "      <td>0.004403</td>\n",
       "      <td>0.395463</td>\n",
       "      <td>-0.029865</td>\n",
       "      <td>0.206633</td>\n",
       "      <td>-0.541687</td>\n",
       "      <td>-0.277775</td>\n",
       "      <td>-0.243076</td>\n",
       "      <td>0.224179</td>\n",
       "      <td>-0.034695</td>\n",
       "      <td>-0.246181</td>\n",
       "      <td>-0.334948</td>\n",
       "      <td>0.153391</td>\n",
       "      <td>0.137710</td>\n",
       "      <td>0.238779</td>\n",
       "      <td>1.000000</td>\n",
       "    </tr>\n",
       "  </tbody>\n",
       "</table>\n",
       "</div>"
      ],
      "text/plain": [
       "            ec       lex        ls        sp       pfm       vbs       vbe  \\\n",
       "ec    1.000000  0.018982  0.001724  0.028676  0.011926  0.062948 -0.005075   \n",
       "lex   0.018982  1.000000  0.062335 -0.021713  0.012756  0.030054  0.009608   \n",
       "ls    0.001724  0.062335  1.000000 -0.173208  0.092505  0.104931  0.071526   \n",
       "sp    0.028676 -0.021713 -0.173208  1.000000 -0.296331 -0.318431 -0.238741   \n",
       "pfm   0.011926  0.012756  0.092505 -0.296331  1.000000  0.554387  0.332915   \n",
       "vbs   0.062948  0.030054  0.104931 -0.318431  0.554387  1.000000  0.355796   \n",
       "vbe  -0.005075  0.009608  0.071526 -0.238741  0.332915  0.355796  1.000000   \n",
       "nme   0.059388 -0.009279 -0.066146  0.158720 -0.287681 -0.317255 -0.343667   \n",
       "prs   0.011801 -0.023887 -0.023035 -0.090798 -0.013230 -0.039969 -0.057712   \n",
       "vt    0.036430  0.009015  0.099490 -0.321818  0.378911  0.462039  0.166522   \n",
       "ps   -0.041921  0.029922  0.116522 -0.373064  0.524977  0.591973  0.544935   \n",
       "nu    0.010359  0.018031 -0.017551  0.016536 -0.018999 -0.028301  0.290918   \n",
       "gn   -0.047717  0.027051 -0.037861  0.056211 -0.094689 -0.057784 -0.151842   \n",
       "st    0.022935 -0.018093 -0.088154  0.206867 -0.359174 -0.380760 -0.468163   \n",
       "form  0.004403  0.395463 -0.029865  0.206633 -0.541687 -0.277775 -0.243076   \n",
       "\n",
       "           nme       prs        vt        ps        nu        gn        st  \\\n",
       "ec    0.059388  0.011801  0.036430 -0.041921  0.010359 -0.047717  0.022935   \n",
       "lex  -0.009279 -0.023887  0.009015  0.029922  0.018031  0.027051 -0.018093   \n",
       "ls   -0.066146 -0.023035  0.099490  0.116522 -0.017551 -0.037861 -0.088154   \n",
       "sp    0.158720 -0.090798 -0.321818 -0.373064  0.016536  0.056211  0.206867   \n",
       "pfm  -0.287681 -0.013230  0.378911  0.524977 -0.018999 -0.094689 -0.359174   \n",
       "vbs  -0.317255 -0.039969  0.462039  0.591973 -0.028301 -0.057784 -0.380760   \n",
       "vbe  -0.343667 -0.057712  0.166522  0.544935  0.290918 -0.151842 -0.468163   \n",
       "nme   1.000000  0.109041 -0.065739 -0.540582  0.454711  0.024891  0.581602   \n",
       "prs   0.109041  1.000000 -0.043472  0.013718  0.025768  0.002858  0.196354   \n",
       "vt   -0.065739 -0.043472  1.000000  0.233481 -0.090934 -0.070836  0.019242   \n",
       "ps   -0.540582  0.013718  0.233481  1.000000  0.055319  0.050702 -0.733981   \n",
       "nu    0.454711  0.025768 -0.090934  0.055319  1.000000  0.228798  0.076740   \n",
       "gn    0.024891  0.002858 -0.070836  0.050702  0.228798  1.000000  0.072170   \n",
       "st    0.581602  0.196354  0.019242 -0.733981  0.076740  0.072170  1.000000   \n",
       "form  0.224179 -0.034695 -0.246181 -0.334948  0.153391  0.137710  0.238779   \n",
       "\n",
       "          form  \n",
       "ec    0.004403  \n",
       "lex   0.395463  \n",
       "ls   -0.029865  \n",
       "sp    0.206633  \n",
       "pfm  -0.541687  \n",
       "vbs  -0.277775  \n",
       "vbe  -0.243076  \n",
       "nme   0.224179  \n",
       "prs  -0.034695  \n",
       "vt   -0.246181  \n",
       "ps   -0.334948  \n",
       "nu    0.153391  \n",
       "gn    0.137710  \n",
       "st    0.238779  \n",
       "form  1.000000  "
      ]
     },
     "execution_count": 6,
     "metadata": {},
     "output_type": "execute_result"
    }
   ],
   "source": [
    "cm"
   ]
  },
  {
   "cell_type": "code",
   "execution_count": 7,
   "id": "1c7ac850",
   "metadata": {},
   "outputs": [
    {
     "name": "stdout",
     "output_type": "stream",
     "text": [
      "Positive: 0.5919734187073089 at ('vbs', 'ps')\n"
     ]
    }
   ],
   "source": [
    "# Which columns have the strongest correlation?  We need to exclude\n",
    "# the diagonal, because we are not interested in the correlation of\n",
    "# a column with itself, which is 1.\n",
    "\n",
    "from numpy import eye\n",
    "\n",
    "n = cm.shape[0]\n",
    "ix = cm.mask(eye(n, dtype=bool)).stack().idxmax()\n",
    "print('Positive:', cm[ix[0]][ix[1]], \"at\", ix)"
   ]
  },
  {
   "cell_type": "code",
   "execution_count": 8,
   "id": "a51c4074",
   "metadata": {},
   "outputs": [
    {
     "name": "stdout",
     "output_type": "stream",
     "text": [
      "Negative: -0.7339812597765805 at ('ps', 'st')\n"
     ]
    }
   ],
   "source": [
    "# Which columns have the strongest negative correlation?\n",
    "ix = df.corr().stack().idxmin()\n",
    "print('Negative:', cm[ix[0]][ix[1]], \"at\", ix)"
   ]
  },
  {
   "cell_type": "markdown",
   "id": "2bcc4324",
   "metadata": {},
   "source": [
    "These values make sense; so this rather crude approach may work for our purpose. Person is greatly determined by verbs and a nominal with state cannot have a value for person. As were are trying to spot noticeable effects\n",
    "regardless of whether they are positive of negative, let us make a table of the absolute value of the correspondences."
   ]
  },
  {
   "cell_type": "code",
   "execution_count": 9,
   "id": "28fa2065",
   "metadata": {},
   "outputs": [
    {
     "data": {
      "text/html": [
       "<style  type=\"text/css\" >\n",
       "#T_5985c_row0_col0,#T_5985c_row1_col1,#T_5985c_row2_col2,#T_5985c_row3_col3,#T_5985c_row4_col4,#T_5985c_row5_col5,#T_5985c_row6_col6,#T_5985c_row7_col7,#T_5985c_row8_col8,#T_5985c_row9_col9,#T_5985c_row10_col10,#T_5985c_row11_col11,#T_5985c_row12_col12,#T_5985c_row13_col13,#T_5985c_row14_col14{\n",
       "            background-color:  #b40426;\n",
       "            color:  #f1f1f1;\n",
       "        }#T_5985c_row0_col1,#T_5985c_row0_col8,#T_5985c_row4_col0,#T_5985c_row4_col8,#T_5985c_row4_col11,#T_5985c_row8_col0,#T_5985c_row10_col8,#T_5985c_row11_col0,#T_5985c_row11_col1,#T_5985c_row13_col1,#T_5985c_row13_col9{\n",
       "            background-color:  #3d50c3;\n",
       "            color:  #f1f1f1;\n",
       "        }#T_5985c_row0_col2,#T_5985c_row0_col4,#T_5985c_row0_col6,#T_5985c_row0_col11,#T_5985c_row0_col14,#T_5985c_row1_col4,#T_5985c_row1_col5,#T_5985c_row1_col7,#T_5985c_row1_col9,#T_5985c_row1_col13,#T_5985c_row2_col0,#T_5985c_row4_col1,#T_5985c_row6_col0,#T_5985c_row6_col1,#T_5985c_row7_col1,#T_5985c_row8_col4,#T_5985c_row8_col10,#T_5985c_row8_col12,#T_5985c_row9_col1,#T_5985c_row9_col13,#T_5985c_row11_col3,#T_5985c_row11_col5,#T_5985c_row12_col8,#T_5985c_row14_col0{\n",
       "            background-color:  #3b4cc0;\n",
       "            color:  #f1f1f1;\n",
       "        }#T_5985c_row0_col3,#T_5985c_row3_col1,#T_5985c_row8_col1,#T_5985c_row8_col5,#T_5985c_row8_col11{\n",
       "            background-color:  #3e51c5;\n",
       "            color:  #f1f1f1;\n",
       "        }#T_5985c_row0_col5,#T_5985c_row5_col8,#T_5985c_row12_col2,#T_5985c_row12_col10{\n",
       "            background-color:  #455cce;\n",
       "            color:  #f1f1f1;\n",
       "        }#T_5985c_row0_col7,#T_5985c_row10_col12{\n",
       "            background-color:  #4961d2;\n",
       "            color:  #f1f1f1;\n",
       "        }#T_5985c_row0_col9,#T_5985c_row0_col10,#T_5985c_row8_col14,#T_5985c_row12_col5,#T_5985c_row14_col2{\n",
       "            background-color:  #4358cb;\n",
       "            color:  #f1f1f1;\n",
       "        }#T_5985c_row0_col12,#T_5985c_row10_col11,#T_5985c_row12_col0{\n",
       "            background-color:  #485fd1;\n",
       "            color:  #f1f1f1;\n",
       "        }#T_5985c_row0_col13,#T_5985c_row1_col3,#T_5985c_row1_col6,#T_5985c_row1_col11,#T_5985c_row2_col11,#T_5985c_row3_col11,#T_5985c_row11_col4{\n",
       "            background-color:  #3c4ec2;\n",
       "            color:  #f1f1f1;\n",
       "        }#T_5985c_row1_col0,#T_5985c_row1_col10,#T_5985c_row5_col11,#T_5985c_row11_col2,#T_5985c_row12_col1,#T_5985c_row12_col7{\n",
       "            background-color:  #3f53c6;\n",
       "            color:  #f1f1f1;\n",
       "        }#T_5985c_row1_col2,#T_5985c_row5_col0,#T_5985c_row11_col13,#T_5985c_row12_col9{\n",
       "            background-color:  #4c66d6;\n",
       "            color:  #000000;\n",
       "        }#T_5985c_row1_col8,#T_5985c_row2_col8,#T_5985c_row5_col1,#T_5985c_row7_col12,#T_5985c_row8_col2,#T_5985c_row10_col1,#T_5985c_row11_col8,#T_5985c_row13_col0{\n",
       "            background-color:  #4055c8;\n",
       "            color:  #f1f1f1;\n",
       "        }#T_5985c_row1_col12,#T_5985c_row2_col14,#T_5985c_row3_col0{\n",
       "            background-color:  #4257c9;\n",
       "            color:  #f1f1f1;\n",
       "        }#T_5985c_row1_col14{\n",
       "            background-color:  #bed2f6;\n",
       "            color:  #000000;\n",
       "        }#T_5985c_row2_col1,#T_5985c_row3_col12,#T_5985c_row8_col6{\n",
       "            background-color:  #4a63d3;\n",
       "            color:  #f1f1f1;\n",
       "        }#T_5985c_row2_col3,#T_5985c_row6_col9{\n",
       "            background-color:  #6c8ff1;\n",
       "            color:  #000000;\n",
       "        }#T_5985c_row2_col4,#T_5985c_row2_col5,#T_5985c_row9_col11{\n",
       "            background-color:  #536edd;\n",
       "            color:  #000000;\n",
       "        }#T_5985c_row2_col6,#T_5985c_row6_col2,#T_5985c_row9_col12,#T_5985c_row13_col11,#T_5985c_row13_col12{\n",
       "            background-color:  #4f69d9;\n",
       "            color:  #000000;\n",
       "        }#T_5985c_row2_col7,#T_5985c_row5_col12,#T_5985c_row6_col8,#T_5985c_row7_col0,#T_5985c_row7_col9,#T_5985c_row9_col7,#T_5985c_row12_col13{\n",
       "            background-color:  #4b64d5;\n",
       "            color:  #f1f1f1;\n",
       "        }#T_5985c_row2_col9,#T_5985c_row4_col2,#T_5985c_row4_col12{\n",
       "            background-color:  #5673e0;\n",
       "            color:  #000000;\n",
       "        }#T_5985c_row2_col10,#T_5985c_row5_col2{\n",
       "            background-color:  #5a78e4;\n",
       "            color:  #000000;\n",
       "        }#T_5985c_row2_col12,#T_5985c_row8_col9,#T_5985c_row9_col0,#T_5985c_row14_col8{\n",
       "            background-color:  #445acc;\n",
       "            color:  #f1f1f1;\n",
       "        }#T_5985c_row2_col13{\n",
       "            background-color:  #506bda;\n",
       "            color:  #000000;\n",
       "        }#T_5985c_row3_col2{\n",
       "            background-color:  #7093f3;\n",
       "            color:  #000000;\n",
       "        }#T_5985c_row3_col4,#T_5985c_row11_col6{\n",
       "            background-color:  #9abbff;\n",
       "            color:  #000000;\n",
       "        }#T_5985c_row3_col5,#T_5985c_row7_col5{\n",
       "            background-color:  #9ebeff;\n",
       "            color:  #000000;\n",
       "        }#T_5985c_row3_col6,#T_5985c_row13_col14{\n",
       "            background-color:  #88abfd;\n",
       "            color:  #000000;\n",
       "        }#T_5985c_row3_col7,#T_5985c_row6_col12,#T_5985c_row11_col14{\n",
       "            background-color:  #6a8bef;\n",
       "            color:  #000000;\n",
       "        }#T_5985c_row3_col8,#T_5985c_row13_col2{\n",
       "            background-color:  #5572df;\n",
       "            color:  #000000;\n",
       "        }#T_5985c_row3_col9{\n",
       "            background-color:  #a3c2fe;\n",
       "            color:  #000000;\n",
       "        }#T_5985c_row3_col10{\n",
       "            background-color:  #b5cdfa;\n",
       "            color:  #000000;\n",
       "        }#T_5985c_row3_col13,#T_5985c_row13_col3,#T_5985c_row13_col8,#T_5985c_row14_col3{\n",
       "            background-color:  #799cf8;\n",
       "            color:  #000000;\n",
       "        }#T_5985c_row3_col14{\n",
       "            background-color:  #7da0f9;\n",
       "            color:  #000000;\n",
       "        }#T_5985c_row4_col3,#T_5985c_row6_col11{\n",
       "            background-color:  #98b9ff;\n",
       "            color:  #000000;\n",
       "        }#T_5985c_row4_col5,#T_5985c_row4_col14,#T_5985c_row10_col6{\n",
       "            background-color:  #e7d7ce;\n",
       "            color:  #000000;\n",
       "        }#T_5985c_row4_col6,#T_5985c_row10_col14{\n",
       "            background-color:  #a9c6fd;\n",
       "            color:  #000000;\n",
       "        }#T_5985c_row4_col7,#T_5985c_row7_col4{\n",
       "            background-color:  #97b8ff;\n",
       "            color:  #000000;\n",
       "        }#T_5985c_row4_col9,#T_5985c_row9_col4{\n",
       "            background-color:  #b7cff9;\n",
       "            color:  #000000;\n",
       "        }#T_5985c_row4_col10,#T_5985c_row10_col4{\n",
       "            background-color:  #e1dad6;\n",
       "            color:  #000000;\n",
       "        }#T_5985c_row4_col13{\n",
       "            background-color:  #aec9fc;\n",
       "            color:  #000000;\n",
       "        }#T_5985c_row5_col3{\n",
       "            background-color:  #a1c0ff;\n",
       "            color:  #000000;\n",
       "        }#T_5985c_row5_col4{\n",
       "            background-color:  #e9d5cb;\n",
       "            color:  #000000;\n",
       "        }#T_5985c_row5_col6{\n",
       "            background-color:  #b1cbfc;\n",
       "            color:  #000000;\n",
       "        }#T_5985c_row5_col7,#T_5985c_row9_col3{\n",
       "            background-color:  #a2c1ff;\n",
       "            color:  #000000;\n",
       "        }#T_5985c_row5_col9,#T_5985c_row6_col13{\n",
       "            background-color:  #d2dbe8;\n",
       "            color:  #000000;\n",
       "        }#T_5985c_row5_col10{\n",
       "            background-color:  #f0cdbb;\n",
       "            color:  #000000;\n",
       "        }#T_5985c_row5_col13{\n",
       "            background-color:  #b6cefa;\n",
       "            color:  #000000;\n",
       "        }#T_5985c_row5_col14{\n",
       "            background-color:  #96b7ff;\n",
       "            color:  #000000;\n",
       "        }#T_5985c_row6_col3,#T_5985c_row9_col10,#T_5985c_row10_col9,#T_5985c_row14_col13{\n",
       "            background-color:  #84a7fc;\n",
       "            color:  #000000;\n",
       "        }#T_5985c_row6_col4,#T_5985c_row14_col10{\n",
       "            background-color:  #a7c5fe;\n",
       "            color:  #000000;\n",
       "        }#T_5985c_row6_col5,#T_5985c_row6_col7{\n",
       "            background-color:  #abc8fd;\n",
       "            color:  #000000;\n",
       "        }#T_5985c_row6_col10,#T_5985c_row10_col7,#T_5985c_row14_col4{\n",
       "            background-color:  #e6d7cf;\n",
       "            color:  #000000;\n",
       "        }#T_5985c_row6_col14,#T_5985c_row14_col6,#T_5985c_row14_col9{\n",
       "            background-color:  #89acfd;\n",
       "            color:  #000000;\n",
       "        }#T_5985c_row7_col2{\n",
       "            background-color:  #4e68d8;\n",
       "            color:  #000000;\n",
       "        }#T_5985c_row7_col3,#T_5985c_row12_col6{\n",
       "            background-color:  #688aef;\n",
       "            color:  #000000;\n",
       "        }#T_5985c_row7_col6{\n",
       "            background-color:  #adc9fd;\n",
       "            color:  #000000;\n",
       "        }#T_5985c_row7_col8{\n",
       "            background-color:  #5b7ae5;\n",
       "            color:  #000000;\n",
       "        }#T_5985c_row7_col10{\n",
       "            background-color:  #e5d8d1;\n",
       "            color:  #000000;\n",
       "        }#T_5985c_row7_col11,#T_5985c_row9_col5{\n",
       "            background-color:  #cedaeb;\n",
       "            color:  #000000;\n",
       "        }#T_5985c_row7_col13{\n",
       "            background-color:  #edd1c2;\n",
       "            color:  #000000;\n",
       "        }#T_5985c_row7_col14,#T_5985c_row12_col11{\n",
       "            background-color:  #82a6fb;\n",
       "            color:  #000000;\n",
       "        }#T_5985c_row8_col3{\n",
       "            background-color:  #516ddb;\n",
       "            color:  #000000;\n",
       "        }#T_5985c_row8_col7,#T_5985c_row9_col2{\n",
       "            background-color:  #5977e3;\n",
       "            color:  #000000;\n",
       "        }#T_5985c_row8_col13{\n",
       "            background-color:  #7597f6;\n",
       "            color:  #000000;\n",
       "        }#T_5985c_row9_col6{\n",
       "            background-color:  #6e90f2;\n",
       "            color:  #000000;\n",
       "        }#T_5985c_row9_col8,#T_5985c_row10_col0,#T_5985c_row11_col10,#T_5985c_row12_col3{\n",
       "            background-color:  #465ecf;\n",
       "            color:  #f1f1f1;\n",
       "        }#T_5985c_row9_col14{\n",
       "            background-color:  #8badfd;\n",
       "            color:  #000000;\n",
       "        }#T_5985c_row10_col2{\n",
       "            background-color:  #5e7de7;\n",
       "            color:  #000000;\n",
       "        }#T_5985c_row10_col3,#T_5985c_row13_col5{\n",
       "            background-color:  #b3cdfb;\n",
       "            color:  #000000;\n",
       "        }#T_5985c_row10_col5{\n",
       "            background-color:  #efcfbf;\n",
       "            color:  #000000;\n",
       "        }#T_5985c_row10_col13,#T_5985c_row13_col10{\n",
       "            background-color:  #f6a283;\n",
       "            color:  #000000;\n",
       "        }#T_5985c_row11_col7{\n",
       "            background-color:  #cfdaea;\n",
       "            color:  #000000;\n",
       "        }#T_5985c_row11_col9,#T_5985c_row12_col4{\n",
       "            background-color:  #5470de;\n",
